{'36ClPub': {'input': {'Al2O3': 14.0,
                       'B': 11.0,
                       'CO2': 0.5,
                       'CaO': 11.539999999999999,
                       'Cl': 2.0,
                       'Cl uncertainty': 1.0,
                       'Fe2O3': 8.3900000000000006,
                       'Gd': 4.0,
                       'K2O': 0.42999999999999999,
                       'MgO': 6.7199999999999998,
                       'MnO': 0.13,
                       'Na2O': 2.7400000000000002,
                       'P2O5': 0.01,
                       'SiO2': 52.5,
                       'Sm': 5.0,
                       'Th': 0.59999999999999998,
                       'TiO2': 1.8,
                       'U': 0.20000000000000001,
                       'boulder size': 5.0,
                       'clRatio': 4.7999999999999998,
                       'clRatio uncertainty': 0.51000000000000001,
                       'nuclide': '36ClPub',
                       'published age': 6300.0,
                       'published age uncertainty': 700.0,
                       'source': '347',
                       'thickness': 5.0,
                       'volumetric water': 1.0}},
 'ALL': {'input': {'default lapse rate': 5.2999999999999998,
                   'default sea-level pressure': 1011.0,
                   'default sea-level temperature': 8.0,
                   'density': 2.8999999999999999,
                   'elevation': 470.0,
                   'id': 'SL1',
                   'latitude': 57.299999999999997,
                   'longitude': 6.1100000000000003,
                   'shielding factor': 0.98099999999999998}}}