{'36ClPub': {'input': {'Al2O3': 9.5299999999999994,
                       'B': 12.0,
                       'CO2': 0.5,
                       'CaO': 11.289999999999999,
                       'Cl': 2.0,
                       'Cl uncertainty': 1.0,
                       'Fe2O3': 13.9,
                       'Gd': 3.0,
                       'K2O': 0.17999999999999999,
                       'MgO': 10.6,
                       'MnO': 0.22,
                       'Na2O': 1.77,
                       'P2O5': 0.080000000000000002,
                       'SiO2': 47.100000000000001,
                       'Sm': 3.0,
                       'Th': 0.5,
                       'TiO2': 2.02,
                       'U': 0.20000000000000001,
                       'boulder size': 5.0,
                       'clRatio': 4.3399999999999999,
                       'clRatio uncertainty': 0.46999999999999997,
                       'nuclide': '36ClPub',
                       'published age': 6600.0,
                       'published age uncertainty': 800.0,
                       'source': '347',
                       'thickness': 8.0,
                       'volumetric water': 1.0}},
 'ALL': {'input': {'default lapse rate': 5.2999999999999998,
                   'default sea-level pressure': 1011.0,
                   'default sea-level temperature': 8.0,
                   'density': 2.8999999999999999,
                   'elevation': 480.0,
                   'id': 'SL2',
                   'latitude': 57.299999999999997,
                   'longitude': 6.1100000000000003,
                   'shielding factor': 0.97999999999999998}}}